0	1,2,4,5,7,8,10,11,13,14,20-35		1
0	3-35								3
#
1	0,3,6,9,12,15-19					0
1	3-35								4
1	2,5,8,11,14,19-35					2
#
2	0,1,3,4,6,7,9,10,12,13,15-18		1
2	4,5,7,8,10,11,13,14,18-35			5
#
3	0-2									0
3	1,2,4,5,7,8,10,11,13,14,20-35		4
3	6-35								6
#
4	0-2									1
4	0,3,6,9,12,15-19					3
4	2,5,8,11,14,19-35					5
4	6-35								7
#
5	0-2									2
5	0,1,3,4,6,7,9,10,12,13,15-18		4
5	6-35								8
#
6	0-5									3
6	1,2,4,5,7,8,10,11,13,14,20-35		7
6	9-35								9
#
7	0-5									4
7	0,3,6,9,12,15-19					6
7	2,5,8,11,14,19-35					8
7	9-35								10
#
8	0-5									5
8	0,1,3,4,6,7,9,10,12,13,15-18		7
8	9-35								11
#
9	0-8									6
9	1,2,4,5,7,8,10,11,13,14,20-35		10
9	12,15-20							12
#
10	0-8									7
10	0,3,6,9,12,15-19					9
10	2,5,8,11,14,19-35					11
10	13,14								13
#
11	0-8									8
11	0,1,3,4,6,7,9,10,12,13,15-18		10
11	13,14								14
11	18-35								24
#
12	0-14,23-35							9
12	15-23								15
#
13	0-12,15-35							10
13	2,5,8,11,14,19-35					14
#
14	0-12,15-35							11
14	0,1,3,4,6,7,9,10,12-18				13
#
15	0-14,21,22,24-35					12
15	16-20,23,26,29,32,35				16
#
16	0-15,21,22,24,25,27,28,30,31,33,34	15
16	17-20,22,23,25,26,28,29,31,32,34,35	17
#
17	0-16,21,24,27,30,33					16
17	18-35								18
#
18	0-17								17
18	2,5,8,11,14,19-35					19
#
19	0,1,3,4,6,7,9,10,12,13,15-18		18
19	1,2,4,5,7,8,10,11,13,14,20-35		20
#
20	0,3,6,9,12,15-19					19
20	0-11,13,14,21-35					23
#
21	17-23,25,26,28,29,31,32,34,35		22
21	0-20,23-35							24
#
22	0-16,21,24,27,30,33					21
22	0-20,23-35							25
#
23	12-20								20
23	0-14,21-35							26
#
24	0-17								11
24	21,22								21
24	17-20,22,23,25,26,28,29,31,32,34,35	25
24	27-35								27
#
25	21,22								22
25	0-16,21,24,27,30,33					24
25	16-20,23,26,29,32,35				26
25	27-35								28
#
26	15-20,23							23
26	0-15,21,22,24,25,27,28,30,31,33,34	25
26	27-35								29
#
27	0-26								24
27	17-20,22,23,25,26,28,29,31,32,34,35	28
27	30-35								30
#
28	0-26								25
28	0-16,21,24,27,30,33					27
28	16-20,23,26,29,32,35				29
28	30-35								31
#
29	0-26								26
29	0-15,21,22,24,25,27,28,30,31,33,34	28
29	30-35								32
#
30	0-29								27
30	17-20,22,23,25,26,28,29,31,32,34,35	31
30	33-35								33
#
31	0-29								28
31	0-16,21,24,27,30,33					30
31	16-20,23,26,29,32,35				32
31	33-35								34
#
32	0-29								29
32	0-15,21,22,24,25,27,28,30,31,33,34	31
32	33-35								35
#
33	0-17,21,24,27,30					30
33	17-20,22,23,25,26,28,29,31-35		34
#
34	0-32								31
34	0-16,21,24,27,30,33					33
34	16-20,23,26,29,32,35				35
#
35	0-32								32
35	0-15,21,22,24,25,27,28,30,31,33,34	34
